3332
2817
2277
2021
2829
77
1517
3249
654
1422
2407
2699
293
2575
193
580
849
1319
554
605
2778
807
833
1213
2333
611
3318
2676
1032
3222
2611
1134
1219
2208
2356
1564
2992
337
2169
378
2596
1113
3012
1454
297
3000
422
3023
3167
726
966
424
3105
11
1599
1780
2693
1267
2148
3043
417
110
2987
94
2201
1414
2473
3050
2313
2827
2695
2675
284
1297
2536
515
820
2646
2839
1290
2509
1903
2581
1882
2461
3208
3268
2552
3077
2499
533
1463
431
81
2189
914
1300
184
175
1937
376
1474
1721
2599
1578
1555
1733
2647
1565
526
1453
2164
614
44
1226
2203
1029
1481
2719
928
2042
3089
992
906
513
3165
2941
1515
1577
415
2872
1824
407
1014
262
199
1193
3100
2868
2262
2716
697
2239
71
3287
176
2623
1861
1690
1038
3242
1681
2889
2215
819
759
1389
2272
1866
2622
2408
1176
2669
2556
1914
345
884
1079
668
3291
2315
2793
2319
2180
2080
1371
1444
2310
566
241
3022
717
2191
827
1909
1699
1292
1581
2853
255
3081
3328
1215
10
1828
1205
2822
153
2426
3164
363
1874
551
2479
2379
1583
748
2427
3303
2563
763
1337
562
1922
3114
2247
886
2755
2566
898
1514
801
1199
3194
1732
1328
1907
1594
2910
769
2821
600
3230
1679
1724
1372
705
855
845
1423
2308
1108
2708
2101
892
1105
133
1642
1352
3113
3353
775
2510
3219
1818
1272
1812
2458
1830
1167
7
2505
2751
3016
1850
3127
212
3293
2791
1304
719
2381
2658
1052
433
2750
1791
1590
2576
1735
1207
639
1145
3253
2598
2089
1689
1004
2157
18
336
1293
745
891
1744
3265
2093
50
1240
2283
1437
447
1988
1554
2144
1091
1738
1082
2143
1760
1099
3149
1840
3053
2743
2049
2401
1386
1216
143
628
3183
916
2783
2754
2454
1485
2437
3151
2589
1855
456
941
862
117
1657
1276
1647
720
2498
2668
2653
342
3018
876
141
3261
350
237
57
2659
1567
547
2097
2703
2078
1156
1750
205
1031
973
2266
304
1441
2875
2209
858
2302
1544
1682
1749
1285
1548
2956
1870
2831
826
919
2707
1007
2692
2291
540
2893
3330
2998
1034
2981
1364
532
3351
616
2130
1379
1727
402
2572
796
624
1688
427
2463
2624
2592
728
1951
1507
2263
498
812
2503
204
1071
264
19
1710
556
918
2167
3079
181
991
2228
3014
901
266
2527
1541
2690
3195
3356
2634
666
486
711
2221
693
2968
285
1917
851
2797
1923
330
2655
2776
506
2549
406
2494
1600
1021
2015
3278
190
1933
3141
2249
1608
2218
66
2406
2415
958
952
1000
329
1326
1785
1718
2629
1295
2314
993
2242
3199
254
388
665
3124
1797
2412
2135
2691
381
2964
2771
2409
1245
2235
2057
957
3232
2095
3277
2432
3106
1220
1576
874
2230
3098
197
1856
326
2545
646
2306
2516
830
93
718
1558
1526
3038
1270
522
3062
2522
1908
631
1649
2100
2577
1585
2866
1639
1296
986
899
980
2602
2320
384
810
751
302
2742
2922
1525
400
1340
2784
2891
1664
1815
1448
1545
2848
3213
1
1112
1410
2863
805
2173
2368
1771
2643
1471
2292
90
216
2151
1114
1927
1426
608
2023
1427
1896
1061
1619
956
1890
3322
825
2900
470
2586
1839
12
2906
3262
658
3003
2088
539
2108
2166
1184
2519
435
809
224
2542
603
2059
877
2326
3071
1620
1225
767
146
202
1758
2051
576
620
3076
2929
2933
403
3123
2864
439
1042
1479
3103
2188
2975
1331
261
88
2398
3142
1420
3002
1401
2286
574
1002
1995
1509
635
124
1965
588
505
1973
2764
482
2033
1090
3109
1834
1252
2945
1139
1591
1560
228
2966
495
701
591
1596
1144
87
1829
2149
2803
2332
2990
1302
344
2351
722
1959
1488
2358
995
852
3319
2919
2225
1658
2781
3315
1026
2373
2
2222
2805
1901
1883
1941
1884
2744
3314
2654
1074
1672
1867
2704
1946
1330
1656
1684
1706
2557
2539
169
1627
1881
1196
17
230
165
1980
2824
1781
2372
2982
1899
1011
1787
962
2301
1097
2495
2234
2386
107
2871
555
1143
265
1250
320
883
3245
932
3326
2404
2325
1929
1503
252
1430
102
2257
3177
1501
1148
559
3309
2274
1367
1950
3340
186
2217
1673
3026
225
1747
586
2297
1645
1813
409
1498
3033
1044
2723
1794
60
2993
1863
2888
243
2722
185
2490
1314
2129
1696
2496
3156
1622
2729
1234
1638
1418
2265
1878
949
290
840
3049
395
167
200
625
219
2856
1513
3270
2425
1745
924
1254
3323
2819
2168
979
2852
2711
2305
1177
1893
1261
2102
1753
856
3282
1695
2607
443
1406
2844
1191
2756
1852
2374
1767
1405
790
3343
3028
1584
543
2497
180
3162
1473
1009
1841
291
1491
1536
531
1522
89
2567
3146
2150
577
1593
1019
52
1483
3128
3310
1822
2389
1755
2184
2969
182
2341
3134
3130
3334
2003
557
2181
113
1708
1854
1462
3074
3148
327
171
118
2954
1885
2041
2298
2413
548
2814
1180
1665
2366
667
1849
2293
3121
2459
2227
1725
1974
2593
54
879
126
1442
67
2111
2774
2070
296
2107
612
2065
310
1085
111
2336
2694
2317
2930
2702
2269
2988
3084
509
1063
2946
2083
604
561
564
597
2920
1338
2838
592
115
2628
999
114
2452
2449
1203
2762
857
1149
2062
459
1520
287
450
2696
1652
2182
988
2627
2029
128
51
2451
2177
1233
69
1613
2276
313
1251
882
1089
1716
3170
2686
3145
2641
1508
500
1962
535
3260
3197
2604
3289
1851
2014
1921
1248
2883
306
2674
2349
3227
2474
1617
2903
3295
1632
1179
76
207
3010
984
2955
412
1766
867
2909
2640
2271
3143
2860
2419
715
401
677
2436
2086
1409
2126
210
2779
1723
2387
1845
1115
1412
1778
2525
700
367
1556
270
37
380
1339
1482
1889
80
1278
340
814
2220
3347
2103
923
2081
926
1230
2986
1932
2757
2045
2307
847
2416
623
2977
1073
1938
2371
1237
967
2450
2978
1537
1001
1653
1429
366
1162
1774
421
797
3231
1821
3179
2837
382
550
1218
1700
2991
542
1832
1355
942
2120
1803
2603
2768
974
2726
1178
2186
2132
757
3226
1662
1470
2199
1046
1875
2595
894
1433
3284
1680
1859
2074
2752
1257
1195
35
1871
2472
2204
370
739
1633
2330
1035
3063
2005
2895
2327
2873
1806
3009
3193
179
1572
452
333
781
2428
1413
684
1533
2500
2171
3090
273
2073
490
1823
2621
198
1779
3335
251
2364
3352
737
2304
398
868
3150
298
2311
281
2989
1530
755
2367
104
446
488
2240
491
3001
322
1198
3092
2560
2136
2843
1407
929
2296
2094
3297
1546
706
2026
1904
3254
2526
2212
2076
449
351
3299
1027
269
314
3034
3238
130
1998
2335
72
945
1439
1126
644
1486
1833
1731
1539
2455
1069
2808
2342
2196
936
1984
1976
2786
201
335
1966
1746
1310
1671
3013
1360
166
1945
3065
903
2878
307
3252
1397
2513
250
2734
1247
2688
177
1598
2011
1574
2815
1925
2710
2538
2156
365
913
787
316
15
1817
3354
2391
3203
2721
2660
1967
2422
1036
2090
850
881
2442
2092
1534
1701
3036
2812
2917
2517
1624
2445
1289
2625
434
2923
2957
453
1960
3021
301
1104
729
2976
1958
2642
1419
2580
125
1390
1341
3337
2044
1301
2197
1734
552
1603
2799
319
1943
2951
897
1320
581
2030
277
794
2828
148
2558
413
1373
2841
2551
1100
3311
3101
1391
40
816
1155
2952
978
2289
2071
766
1077
2574
3085
1056
1449
2216
1969
671
2370
1078
2229
1392
933
379
1944
2448
3189
1368
2411
921
30
649
2359
1694
303
502
2159
1936
534
3019
2790
1127
1587
2997
2983
606
1862
137
1359
2061
328
2507
2361
2324
2597
2759
2468
793
593
1209
1049
3160
1489
1582
3187
1810
1722
1858
195
743
462
2737
2214
528
1531
42
2648
2836
132
2846
325
1060
744
1532
1305
863
1408
3228
2685
2350
1322
653
3190
485
1601
3342
1953
1635
1440
1096
746
2559
1989
444
1762
1523
3239
275
2840
1873
2950
1906
1571
1869
2138
1022
474
155
346
2084
893
2798
734
844
1037
1131
1754
650
3169
3120
2260
3135
758
3041
569
2431
2887
1263
3229
2679
1336
3138
2337
477
1646
517
2741
583
2091
3207
1312
1258
1068
20
760
3316
2785
2113
3185
323
2661
2493
1047
2651
239
2680
2462
1971
189
497
1080
131
2105
2506
2795
2106
164
1676
3237
1132
970
3075
2739
2792
895
468
1369
355
1086
940
2514
1421
1232
1181
3051
2885
2376
1561
1802
3099
1055
514
2052
788
1538
1010
2638
1614
1844
931
714
3080
3182
917
361
61
912
1358
28
1153
2996
1271
101
1956
2892
3125
783
2666
1306
678
2456
1500
3117
1033
127
1886
1776
1977
354
2671
1118
2601
48
3200
2278
1739
1801
2175
404
1253
972
3196
2140
2861
2421
3355
2789
274
2457
2153
483
140
1066
256
629
1166
1586
1993
2435
570
1547
1846
607
1363
2769
2264
2862
1201
1528
839
194
2579
873
818
2985
1623
2466
2928
362
2012
925
2075
2633
2782
1510
837
360
63
68
2907
1985
271
414
1351
938
969
1398
383
756
282
134
2343
2787
2476
1527
98
1095
2697
937
1291
1519
842
2908
3104
1872
1563
1790
3058
2019
2999
2571
465
1636
2682
1543
1625
3068
585
1963
1975
484
2056
481
3274
1831
1242
1344
2477
1065
2154
3338
905
1524
2261
1597
1939
23
2649
1826
1478
791
1202
1327
2482
2520
2125
2082
2701
2246
676
2165
1641
1445
2656
910
821
1221
3266
2417
1385
1361
220
419
1264
1496
2632
1705
56
317
2244
2809
2384
1789
272
1173
3317
144
2626
0
96
2614
2213
2480
2736
1130
1660
170
2287
471
2842
768
3312
3152
324
3005
3073
221
1050
765
2683
1902
2405
3015
1287
2724
1816
2469
1868
2818
160
1568
2256
1562
2731
2973
2733
2397
2187
2706
119
1058
529
1165
53
1185
2066
2312
1942
232
2284
770
2002
2402
1208
106
682
1117
661
1629
864
428
135
1092
2155
1170
2857
2594
2183
610
1282
2020
1940
964
1799
2535
2775
2018
909
213
139
377
774
283
1981
512
2068
1667
1083
1602
3209
1217
935
2765
1142
3234
2979
2554
13
1698
3329
1456
3137
736
1793
2017
1075
3350
828
2241
2980
3223
587
1123
2316
875
1348
2899
2464
2944
1677
3172
2471
1374
1211
900
735
475
741
669
2588
2253
1894
2139
31
3286
2223
2662
2788
880
286
2323
2904
1678
1947
1912
2047
1101
2022
2636
1506
2375
848
1435
1935
393
233
3288
1521
84
339
2730
946
430
2232
594
1644
2255
2830
349
238
3087
2163
3171
3256
800
441
2867
3129
511
1683
353
1384
1265
2390
2414
1757
3345
109
2591
2309
865
49
2118
1133
1495
1949
2295
2258
617
2010
2353
1428
1717
100
99
632
689
2608
2870
1315
2826
3136
158
2340
1898
2393
3241
2825
299
2553
172
1905
2735
2248
22
2060
1129
2352
1451
385
1719
2612
45
2816
1877
1707
1982
1728
2823
123
643
2053
1279
813
2465
3215
1860
1847
260
823
1493
934
1511
2962
2365
3271
3032
1194
3011
2399
2916
2250
2378
1729
2637
2099
2069
1686
445
2096
2400
1557
954
29
1887
707
1472
683
2145
836
2294
637
1269
2001
2650
1611
2854
1748
887
2035
2142
2039
2879
944
1983
3088
817
749
112
79
738
3216
27
2410
1223
1499
359
2508
2440
2369
2162
2460
2362
2034
1375
1836
3346
3180
3140
1125
2116
2573
2570
2859
959
835
977
1726
1743
989
1484
3269
1579
1380
1186
1924
2561
467
1051
633
1773
3102
558
2158
2067
2921
2268
2492
1377
1709
2665
1235
953
2009
648
3024
65
3307
2198
1928
136
866
1634
2767
1119
1200
750
1637
3037
2905
773
951
1106
2569
494
396
815
1607
1502
3095
1880
2802
469
2971
2732
1383
1777
2877
1512
374
2546
1197
2748
3304
2869
2322
704
496
560
2334
1161
2112
1222
2714
1991
2110
971
727
2377
2013
2478
3272
1241
2894
1067
1227
2038
2970
2467
43
2270
258
3027
1788
1986
2048
1770
6
386
1550
2380
1879
2085
389
3276
3044
3072
1648
2749
2615
1466
1370
173
536
1480
1769
2672
2548
373
1094
2160
2912
2347
2418
2202
432
754
2794
1999
235
3158
492
38
2354
573
679
965
1084
2193
2884
2447
803
2810
348
1277
2117
3320
1394
2925
1516
2077
3060
721
1529
1703
247
2252
338
1805
1260
915
3047
1811
3020
1691
1136
2926
776
1188
2290
375
798
672
1467
2195
690
2529
961
2007
2584
2718
673
1643
36
83
1772
1192
2585
1820
1626
1910
3214
3175
2453
82
572
2392
278
2403
2845
257
563
259
675
457
64
3096
3066
578
150
294
1164
1926
3204
2544
2820
806
1308
685
2881
162
2800
762
2804
1490
2631
911
2394
1255
331
2698
1387
1487
2773
1146
2395
1313
168
2911
2678
2673
1425
2285
779
575
670
747
3163
3313
2236
3006
3035
2534
16
1043
2934
2587
2008
780
2644
2927
3243
39
4
3061
1837
334
838
523
1693
1972
1332
3082
1897
159
859
3091
636
2382
1814
321
2717
3086
1135
660
2865
1756
2300
2543
920
3247
2231
1041
3181
1825
579
853
1865
1299
2832
1030
2532
1711
1800
590
907
784
878
292
2470
2760
1553
2032
2282
267
519
1206
2338
2446
1323
1307
1968
1552
2568
2176
2780
524
1796
2753
2953
1782
1189
1452
792
1168
2124
615
3300
3298
1714
62
429
2363
2345
1298
922
1141
2114
2346
3248
26
387
2318
1992
3155
2226
1311
156
236
2947
1616
981
2024
33
2104
73
1329
3093
55
1159
516
1730
487
3159
408
1212
2299
1116
1659
1997
975
1895
3069
1020
3285
3301
1670
1618
645
3110
2420
567
1916
214
289
1900
3267
1549
3007
2761
2712
3025
2541
397
1151
647
2025
2004
2540
1994
982
2681
2882
824
2530
703
655
2528
1447
315
786
240
896
1093
138
640
2727
1111
2858
2488
2079
659
473
692
1424
1570
730
3178
2616
1450
2501
968
598
1751
3111
2620
2705
1807
1443
503
1294
2054
963
2524
2639
1045
1342
869
2438
811
1542
1615
1417
426
3191
753
3154
191
183
2357
1266
902
1274
2254
846
