0 1 3
0 4 1
4 9 1
9 6 1
6 3 1
6 11 3
11 16 3
16 8 3
8 5 3
5 0 3
5 2 0
2 4 0
2 7 4
7 12 4
12 17 4
17 9 4
17 22 9
22 14 9
14 6 9
14 19 6
19 11 6
19 32 11
32 24 11
24 16 11
24 37 16
37 29 16
29 21 16
21 8 16
21 13 8
13 5 8
13 18 5
18 10 5
10 2 5
10 15 2
15 7 2
15 20 7
20 12 7
20 33 12
33 25 12
25 17 12
25 38 17
38 30 17
30 22 17
30 43 22
43 35 22
35 14 22
35 27 14
27 19 14
27 40 19
40 32 19
40 53 32
53 45 32
45 24 32
45 37 24
45 58 37
58 71 37
71 50 37
50 29 37
50 42 29
42 21 29
42 34 21
34 13 21
34 26 13
26 18 13
26 39 18
39 31 18
31 10 18
31 23 10
23 15 10
23 36 15
36 28 15
28 20 15
28 41 20
41 33 20
41 54 33
54 46 33
46 25 33
46 38 25
46 59 38
59 72 38
72 51 38
51 30 38
51 43 30
51 64 43
64 77 43
77 56 43
56 35 43
56 69 35
69 48 35
48 27 35
48 40 27
48 61 40
61 74 40
74 53 40
74 87 53
87 66 53
66 45 53
66 79 45
79 58 45
79 92 58
92 71 58
92 105 71
105 84 71
84 50 71
84 63 50
63 42 50
63 76 42
76 55 42
55 34 42
55 68 34
68 47 34
47 26 34
47 39 26
47 60 39
60 73 39
73 52 39
52 31 39
52 44 31
44 23 31
44 36 23
44 57 36
57 70 36
70 49 36
49 28 36
49 41 28
49 62 41
62 75 41
75 54 41
75 88 54
88 67 54
67 46 54
67 80 46
80 59 46
80 93 59
93 72 59
93 106 72
106 85 72
85 51 72
85 64 51
85 98 64
98 77 64
98 111 77
111 90 77
90 56 77
90 69 56
90 103 69
103 82 69
82 48 69
82 61 48
82 95 61
95 74 61
95 108 74
108 87 74
108 121 87
121 100 87
100 66 87
100 79 66
100 113 79
113 92 79
113 126 92
126 105 92
126 139 105
139 118 105
118 84 105
118 97 84
97 63 84
97 76 63
97 110 76
110 89 76
89 55 76
89 68 55
89 102 68
102 81 68
81 47 68
81 60 47
81 94 60
94 73 60
94 107 73
107 86 73
86 52 73
86 65 52
65 44 52
65 78 44
78 57 44
78 91 57
91 70 57
91 104 70
104 83 70
83 49 70
83 62 49
83 96 62
96 75 62
96 109 75
109 88 75
109 122 88
122 101 88
101 67 88
101 80 67
101 114 80
114 93 80
114 127 93
127 106 93
127 140 106
140 119 106
119 85 106
119 98 85
119 132 98
132 111 98
132 166 111
166 145 111
145 124 111
124 90 111
124 103 90
124 137 103
137 116 103
116 82 103
116 95 82
116 129 95
129 108 95
129 142 108
142 121 108
142 176 121
176 155 121
155 134 121
134 100 121
134 113 100
134 168 113
168 147 113
147 126 113
147 181 126
181 160 126
160 139 126
160 194 139
194 173 139
173 118 139
173 152 118
152 131 118
131 97 118
131 110 97
131 165 110
165 144 110
144 123 110
123 89 110
123 102 89
123 136 102
136 115 102
115 81 102
115 94 81
115 128 94
128 107 94
128 141 107
141 120 107
120 86 107
120 99 86
99 65 86
99 78 65
99 112 78
112 91 78
112 125 91
125 104 91
125 138 104
138 117 104
117 83 104
117 96 83
117 130 96
130 109 96
130 143 109
143 122 109
143 177 122
177 156 122
156 135 122
135 101 122
135 114 101
135 169 114
169 148 114
148 127 114
148 182 127
182 161 127
161 140 127
161 195 140
195 174 140
174 119 140
174 153 119
153 132 119
153 187 132
187 166 132
187 221 166
221 200 166
200 145 166
200 179 145
179 124 145
179 158 124
158 137 124
158 192 137
192 171 137
171 116 137
171 150 116
150 129 116
150 184 129
184 163 129
163 142 129
163 197 142
197 176 142
197 231 176
231 210 176
210 155 176
210 189 155
189 134 155
189 168 134
189 223 168
223 202 168
202 147 168
202 181 147
202 236 181
236 215 181
215 160 181
215 194 160
215 249 194
249 228 194
228 173 194
228 207 173
207 152 173
207 186 152
186 131 152
186 165 131
186 220 165
220 199 165
199 144 165
199 178 144
178 123 144
178 157 123
157 136 123
157 191 136
191 170 136
170 115 136
170 149 115
149 128 115
149 183 128
183 162 128
162 141 128
162 196 141
196 175 141
175 120 141
175 154 120
154 133 120
133 99 120
133 112 99
133 167 112
167 146 112
146 125 112
146 180 125
180 159 125
159 138 125
159 193 138
193 172 138
172 117 138
172 151 117
151 130 117
151 185 130
185 164 130
164 143 130
164 198 143
198 177 143
198 232 177
232 211 177
211 156 177
211 190 156
190 135 156
190 169 135
190 224 169
224 203 169
203 148 169
203 182 148
203 237 182
237 216 182
216 161 182
216 195 161
216 250 195
250 229 195
229 174 195
229 208 174
208 153 174
208 187 153
208 242 187
242 221 187
242 276 221
276 255 221
255 200 221
255 234 200
234 179 200
234 213 179
213 158 179
213 192 158
213 247 192
247 226 192
226 171 192
226 205 171
205 150 171
205 184 150
205 239 184
239 218 184
218 163 184
218 197 163
218 252 197
252 231 197
252 286 231
286 265 231
265 210 231
265 244 210
244 189 210
244 223 189
244 278 223
278 257 223
257 202 223
257 236 202
257 291 236
291 270 236
270 215 236
270 249 215
270 304 249
304 283 249
283 228 249
283 262 228
262 207 228
262 241 207
241 186 207
241 220 186
241 275 220
275 254 220
254 199 220
254 233 199
233 178 199
233 212 178
212 157 178
212 191 157
212 246 191
246 225 191
225 170 191
225 204 170
204 149 170
204 183 149
204 238 183
238 217 183
217 162 183
217 196 162
217 251 196
251 230 196
230 175 196
230 209 175
209 154 175
209 188 154
188 133 154
188 167 133
188 222 167
222 201 167
201 146 167
201 180 146
201 235 180
235 214 180
214 159 180
214 193 159
214 248 193
248 227 193
227 172 193
227 206 172
206 151 172
206 185 151
206 240 185
240 219 185
219 164 185
219 198 164
219 253 198
253 232 198
253 287 232
287 266 232
266 211 232
266 245 211
245 190 211
245 224 190
245 279 224
279 258 224
258 203 224
258 237 203
258 292 237
292 271 237
271 216 237
271 250 216
271 305 250
305 284 250
284 229 250
284 263 229
263 208 229
263 242 208
263 297 242
297 276 242
297 331 276
331 310 276
310 255 276
310 289 255
289 234 255
289 268 234
268 213 234
268 247 213
268 302 247
302 281 247
281 226 247
281 260 226
260 205 226
260 239 205
260 294 239
294 273 239
273 218 239
273 252 218
273 307 252
307 286 252
307 341 286
341 320 286
320 265 286
320 299 265
299 244 265
299 278 244
299 333 278
333 312 278
312 257 278
312 291 257
312 346 291
346 325 291
325 270 291
325 304 270
325 359 304
359 338 304
338 283 304
338 317 283
317 262 283
317 296 262
296 241 262
296 275 241
296 330 275
330 309 275
309 254 275
309 288 254
288 233 254
288 267 233
267 212 233
267 246 212
267 301 246
301 280 246
280 225 246
280 259 225
259 204 225
259 238 204
259 293 238
293 272 238
272 217 238
272 251 217
272 306 251
306 285 251
285 230 251
285 264 230
264 209 230
264 243 209
243 188 209
243 222 188
243 277 222
277 256 222
256 201 222
256 235 201
256 290 235
290 269 235
269 214 235
269 248 214
269 303 248
303 282 248
282 227 248
282 261 227
261 206 227
261 240 206
261 295 240
295 274 240
274 219 240
274 253 219
274 308 253
308 287 253
308 342 287
342 321 287
321 266 287
321 300 266
300 245 266
300 279 245
300 334 279
334 313 279
313 258 279
313 292 258
313 347 292
347 326 292
326 271 292
326 305 271
326 360 305
360 339 305
339 284 305
339 318 284
318 263 284
318 297 263
318 352 297
352 331 297
352 386 331
386 365 331
365 310 331
365 344 310
344 289 310
344 323 289
323 268 289
323 302 268
323 357 302
357 336 302
336 281 302
336 315 281
315 260 281
315 294 260
315 349 294
349 328 294
328 273 294
328 307 273
328 362 307
362 341 307
362 396 341
396 375 341
375 320 341
375 354 320
354 299 320
354 333 299
354 388 333
388 367 333
367 312 333
367 346 312
367 401 346
401 380 346
380 325 346
380 359 325
380 414 359
414 393 359
393 338 359
393 372 338
372 317 338
372 351 317
351 296 317
351 330 296
351 385 330
385 364 330
364 309 330
364 343 309
343 288 309
343 322 288
322 267 288
322 301 267
322 356 301
356 335 301
335 280 301
335 314 280
314 259 280
314 293 259
314 348 293
348 327 293
327 272 293
327 306 272
327 361 306
361 340 306
340 285 306
340 319 285
319 264 285
319 298 264
298 243 264
298 277 243
298 332 277
332 311 277
311 256 277
311 290 256
311 345 290
345 324 290
324 269 290
324 303 269
324 358 303
358 337 303
337 282 303
337 316 282
316 261 282
316 295 261
316 350 295
350 329 295
329 274 295
329 308 274
329 363 308
363 342 308
363 397 342
397 376 342
376 321 342
376 355 321
355 300 321
355 334 300
355 389 334
389 368 334
368 313 334
368 347 313
368 402 347
402 381 347
381 326 347
381 360 326
381 415 360
415 394 360
394 339 360
394 373 339
373 318 339
373 352 318
373 407 352
407 386 352
407 441 386
441 475 386
475 420 386
420 365 386
420 399 365
399 344 365
399 378 344
378 323 344
378 357 323
378 412 357
412 391 357
391 336 357
391 370 336
370 315 336
370 349 315
370 404 349
404 383 349
383 328 349
383 362 328
383 417 362
417 396 362
417 451 396
451 485 396
485 430 396
430 375 396
430 409 375
409 354 375
409 388 354
409 443 388
443 477 388
477 422 388
422 367 388
422 401 367
422 456 401
456 490 401
490 435 401
435 380 401
435 469 380
469 414 380
469 503 414
503 448 414
448 393 414
448 482 393
482 427 393
427 372 393
427 406 372
406 351 372
406 385 351
406 440 385
440 474 385
474 419 385
419 364 385
419 398 364
398 343 364
398 377 343
377 322 343
377 356 322
377 411 356
411 390 356
390 335 356
390 369 335
369 314 335
369 348 314
369 403 348
403 382 348
382 327 348
382 361 327
382 416 361
416 395 361
395 340 361
395 374 340
374 319 340
374 353 319
353 298 319
353 332 298
353 387 332
387 366 332
366 311 332
366 345 311
366 400 345
400 379 345
379 324 345
379 358 324
379 413 358
413 392 358
392 337 358
392 371 337
371 316 337
371 350 316
371 405 350
405 384 350
384 329 350
384 363 329
384 418 363
418 397 363
418 452 397
452 486 397
486 431 397
431 376 397
431 410 376
410 355 376
410 389 355
410 444 389
444 478 389
478 423 389
423 368 389
423 402 368
423 457 402
457 491 402
491 436 402
436 381 402
436 470 381
470 415 381
470 504 415
504 449 415
449 394 415
449 483 394
483 428 394
428 373 394
428 407 373
428 462 407
462 496 407
496 441 407
496 530 441
530 475 441
530 564 475
564 509 475
509 420 475
509 454 420
454 399 420
454 488 399
488 433 399
433 378 399
433 412 378
433 467 412
467 501 412
501 446 412
446 391 412
446 480 391
480 425 391
425 370 391
425 404 370
425 459 404
459 493 404
493 438 404
438 383 404
438 472 383
472 417 383
472 506 417
506 451 417
506 540 451
540 485 451
540 574 485
574 519 485
519 430 485
519 464 430
464 409 430
464 498 409
498 443 409
498 532 443
532 477 443
532 566 477
566 511 477
511 422 477
511 456 422
511 545 456
545 490 456
545 579 490
579 524 490
524 435 490
524 469 435
524 558 469
558 503 469
558 592 503
592 537 503
537 448 503
537 482 448
537 571 482
571 516 482
516 427 482
516 461 427
461 406 427
461 495 406
495 440 406
495 529 440
529 474 440
529 563 474
563 508 474
508 419 474
508 453 419
453 398 419
453 487 398
487 432 398
432 377 398
432 411 377
432 466 411
466 500 411
500 445 411
445 390 411
445 479 390
479 424 390
424 369 390
424 403 369
424 458 403
458 492 403
492 437 403
437 382 403
437 471 382
471 416 382
471 505 416
505 450 416
450 395 416
450 484 395
484 429 395
429 374 395
429 408 374
408 353 374
408 387 353
408 442 387
442 476 387
476 421 387
421 366 387
421 400 366
421 455 400
455 489 400
489 434 400
434 379 400
434 468 379
468 413 379
468 502 413
502 447 413
447 392 413
447 481 392
481 426 392
426 371 392
426 405 371
426 460 405
460 494 405
494 439 405
439 384 405
439 473 384
473 418 384
473 507 418
507 452 418
507 541 452
541 486 452
541 575 486
575 520 486
520 431 486
520 465 431
465 410 431
465 499 410
499 444 410
499 533 444
533 478 444
533 567 478
567 512 478
512 423 478
512 457 423
512 546 457
546 491 457
546 580 491
580 525 491
525 436 491
525 470 436
525 559 470
559 504 470
559 593 504
593 538 504
538 449 504
538 483 449
538 572 483
572 517 483
517 428 483
517 462 428
517 551 462
551 496 462
551 585 496
585 530 496
585 619 530
619 564 530
619 653 564
653 598 564
598 509 564
598 543 509
543 454 509
543 488 454
543 577 488
577 522 488
522 433 488
522 467 433
522 556 467
556 501 467
556 590 501
590 535 501
535 446 501
535 480 446
535 569 480
569 514 480
514 425 480
514 459 425
514 548 459
548 493 459
548 582 493
582 527 493
527 438 493
527 472 438
527 561 472
561 506 472
561 595 506
595 540 506
595 629 540
629 574 540
629 663 574
663 608 574
608 519 574
608 553 519
553 464 519
553 498 464
553 587 498
587 532 498
587 621 532
621 566 532
621 655 566
655 600 566
600 511 566
600 545 511
600 634 545
634 579 545
634 668 579
668 613 579
613 524 579
613 558 524
613 647 558
647 592 558
647 681 592
681 626 592
626 537 592
626 571 537
626 660 571
660 605 571
605 516 571
605 550 516
550 461 516
550 495 461
550 584 495
584 529 495
584 618 529
618 563 529
618 652 563
652 597 563
597 508 563
597 542 508
542 453 508
542 487 453
542 576 487
576 521 487
521 432 487
521 466 432
521 555 466
555 500 466
555 589 500
589 534 500
534 445 500
534 479 445
534 568 479
568 513 479
513 424 479
513 458 424
513 547 458
547 492 458
547 581 492
581 526 492
526 437 492
526 471 437
526 560 471
560 505 471
560 594 505
594 539 505
539 450 505
539 484 450
539 573 484
573 518 484
518 429 484
518 463 429
463 408 429
463 497 408
497 442 408
497 531 442
531 476 442
531 565 476
565 510 476
510 421 476
510 455 421
510 544 455
544 489 455
544 578 489
578 523 489
523 434 489
523 468 434
523 557 468
557 502 468
557 591 502
591 536 502
536 447 502
536 481 447
536 570 481
570 515 481
515 426 481
515 460 426
515 549 460
549 494 460
549 583 494
583 528 494
528 439 494
528 473 439
528 562 473
562 507 473
562 596 507
596 541 507
596 630 541
630 575 541
630 664 575
664 609 575
609 520 575
609 554 520
554 465 520
554 499 465
554 588 499
588 533 499
588 622 533
622 567 533
622 656 567
656 601 567
601 512 567
601 546 512
601 635 546
635 580 546
635 669 580
669 614 580
614 525 580
614 559 525
614 648 559
648 593 559
648 682 593
682 627 593
627 538 593
627 572 538
627 661 572
661 606 572
606 517 572
606 551 517
606 640 551
640 585 551
640 674 585
674 619 585
674 708 619
708 653 619
708 742 653
742 687 653
687 598 653
687 632 598
632 543 598
632 577 543
632 666 577
666 611 577
611 522 577
611 556 522
611 645 556
645 590 556
645 679 590
679 624 590
624 535 590
624 569 535
624 658 569
658 603 569
603 514 569
603 548 514
603 637 548
637 582 548
637 671 582
671 616 582
616 527 582
616 561 527
616 650 561
650 595 561
650 684 595
684 629 595
684 718 629
718 663 629
718 752 663
752 697 663
697 608 663
697 642 608
642 553 608
642 587 553
642 676 587
676 621 587
676 710 621
710 655 621
710 744 655
744 689 655
689 600 655
689 634 600
689 723 634
723 668 634
723 757 668
757 702 668
702 613 668
702 647 613
702 736 647
736 681 647
736 770 681
770 715 681
715 626 681
715 660 626
715 749 660
749 694 660
694 605 660
694 639 605
639 550 605
639 584 550
639 673 584
673 618 584
673 707 618
707 652 618
707 741 652
741 686 652
686 597 652
686 631 597
631 542 597
631 576 542
631 665 576
665 610 576
610 521 576
610 555 521
610 644 555
644 589 555
644 678 589
678 623 589
623 534 589
623 568 534
623 657 568
657 602 568
602 513 568
602 547 513
602 636 547
636 581 547
636 670 581
670 615 581
615 526 581
615 560 526
615 649 560
649 594 560
649 683 594
683 628 594
628 539 594
628 573 539
628 662 573
662 607 573
607 518 573
607 552 518
552 463 518
552 497 463
552 586 497
586 531 497
586 620 531
620 565 531
620 654 565
654 599 565
599 510 565
599 544 510
599 633 544
633 578 544
633 667 578
667 612 578
612 523 578
612 557 523
612 646 557
646 591 557
646 680 591
680 625 591
625 536 591
625 570 536
625 659 570
659 604 570
604 515 570
604 549 515
604 638 549
638 583 549
638 672 583
672 617 583
617 528 583
617 562 528
617 651 562
651 596 562
651 685 596
685 630 596
685 719 630
719 664 630
719 753 664
753 698 664
698 609 664
698 643 609
643 554 609
643 588 554
643 677 588
677 622 588
677 711 622
711 656 622
711 745 656
745 690 656
690 601 656
690 635 601
690 724 635
724 669 635
724 758 669
758 703 669
703 614 669
703 648 614
703 737 648
737 682 648
737 771 682
771 716 682
716 627 682
716 661 627
716 750 661
750 695 661
695 606 661
695 640 606
695 729 640
729 674 640
729 763 674
763 708 674
763 797 708
797 742 708
797 831 742
831 776 742
776 687 742
776 721 687
721 632 687
721 666 632
721 755 666
755 700 666
700 611 666
700 645 611
700 734 645
734 679 645
734 768 679
768 713 679
713 624 679
713 658 624
713 747 658
747 692 658
692 603 658
692 637 603
692 726 637
726 671 637
726 760 671
760 705 671
705 616 671
705 650 616
705 739 650
739 684 650
739 773 684
773 718 684
773 807 718
807 752 718
807 841 752
841 786 752
786 697 752
786 731 697
731 642 697
731 676 642
731 765 676
765 710 676
765 799 710
799 744 710
799 833 744
833 778 744
778 689 744
778 723 689
778 812 723
812 757 723
812 846 757
846 791 757
791 702 757
791 736 702
791 825 736
825 770 736
825 859 770
859 804 770
804 715 770
804 749 715
804 838 749
838 783 749
783 694 749
783 728 694
728 639 694
728 673 639
728 762 673
762 707 673
762 796 707
796 741 707
796 830 741
830 775 741
775 686 741
775 720 686
720 631 686
720 665 631
720 754 665
754 699 665
699 610 665
699 644 610
699 733 644
733 678 644
733 767 678
767 712 678
712 623 678
712 657 623
712 746 657
746 691 657
691 602 657
691 636 602
691 725 636
725 670 636
725 759 670
759 704 670
704 615 670
704 649 615
704 738 649
738 683 649
738 772 683
772 717 683
717 628 683
717 662 628
717 751 662
751 696 662
696 607 662
696 641 607
641 552 607
641 586 552
641 675 586
675 620 586
675 709 620
709 654 620
709 743 654
743 688 654
688 599 654
688 633 599
688 722 633
722 667 633
722 756 667
756 701 667
701 612 667
701 646 612
701 735 646
735 680 646
735 769 680
769 714 680
714 625 680
714 659 625
714 748 659
748 693 659
693 604 659
693 638 604
693 727 638
727 672 638
727 761 672
761 706 672
706 617 672
706 651 617
706 740 651
740 685 651
740 774 685
774 719 685
774 808 719
808 753 719
808 842 753
842 787 753
787 698 753
787 732 698
732 643 698
732 677 643
732 766 677
766 711 677
766 800 711
800 745 711
800 834 745
834 779 745
779 690 745
779 724 690
779 813 724
813 758 724
813 847 758
847 792 758
792 703 758
792 737 703
792 826 737
826 771 737
826 860 771
860 805 771
805 716 771
805 750 716
805 839 750
839 784 750
784 695 750
784 729 695
784 818 729
818 763 729
818 852 763
852 797 763
852 886 797
886 831 797
886 920 831
920 865 831
865 776 831
865 810 776
810 721 776
810 755 721
810 844 755
844 789 755
789 700 755
789 734 700
789 823 734
823 768 734
823 857 768
857 802 768
802 713 768
802 747 713
802 836 747
836 781 747
781 692 747
781 726 692
781 815 726
815 760 726
815 849 760
849 794 760
794 705 760
794 739 705
794 828 739
828 773 739
828 862 773
862 807 773
862 896 807
896 841 807
896 930 841
930 875 841
875 786 841
875 820 786
820 731 786
820 765 731
820 854 765
854 799 765
854 888 799
888 833 799
888 922 833
922 867 833
867 778 833
867 812 778
867 901 812
901 846 812
901 935 846
935 880 846
880 791 846
880 825 791
880 914 825
914 859 825
914 948 859
948 893 859
893 804 859
893 838 804
893 927 838
927 872 838
872 783 838
872 817 783
817 728 783
817 762 728
817 851 762
851 796 762
851 885 796
885 830 796
885 919 830
919 864 830
864 775 830
864 809 775
809 720 775
809 754 720
809 843 754
843 788 754
788 699 754
788 733 699
788 822 733
822 767 733
822 856 767
856 801 767
801 712 767
801 746 712
801 835 746
835 780 746
780 691 746
780 725 691
780 814 725
814 759 725
814 848 759
848 793 759
793 704 759
793 738 704
793 827 738
827 772 738
827 861 772
861 806 772
806 717 772
806 751 717
806 840 751
840 785 751
785 696 751
785 730 696
730 641 696
730 675 641
730 764 675
764 709 675
764 798 709
798 743 709
798 832 743
832 777 743
777 688 743
777 722 688
777 811 722
811 756 722
811 845 756
845 790 756
790 701 756
790 735 701
790 824 735
824 769 735
824 858 769
858 803 769
803 714 769
803 748 714
803 837 748
837 782 748
782 693 748
782 727 693
782 816 727
816 761 727
816 850 761
850 795 761
795 706 761
795 740 706
795 829 740
829 774 740
829 863 774
863 808 774
863 897 808
897 842 808
897 931 842
931 876 842
876 787 842
876 821 787
821 732 787
821 766 732
821 855 766
855 800 766
855 889 800
889 834 800
889 923 834
923 868 834
868 779 834
868 813 779
868 902 813
902 847 813
902 936 847
936 881 847
881 792 847
881 826 792
881 915 826
915 860 826
915 949 860
949 894 860
894 805 860
894 839 805
894 928 839
928 873 839
873 784 839
873 818 784
873 907 818
907 852 818
907 941 852
941 886 852
941 975 886
975 920 886
975 1009 920
1009 954 920
954 865 920
954 899 865
899 810 865
899 844 810
899 933 844
933 878 844
878 789 844
878 823 789
878 912 823
912 857 823
912 946 857
946 891 857
891 802 857
891 836 802
891 925 836
925 870 836
870 781 836
870 815 781
870 904 815
904 849 815
904 938 849
938 883 849
883 794 849
883 828 794
883 917 828
917 862 828
917 951 862
951 896 862
951 985 896
985 930 896
985 1019 930
1019 964 930
964 875 930
964 909 875
909 820 875
909 854 820
909 943 854
943 888 854
943 977 888
977 922 888
977 1011 922
1011 956 922
956 867 922
956 901 867
956 990 901
990 935 901
990 1024 935
1024 969 935
969 880 935
969 914 880
969 1003 914
1003 948 914
1003 1037 948
1037 982 948
982 893 948
982 927 893
982 1016 927
1016 961 927
961 872 927
961 906 872
906 817 872
906 851 817
906 940 851
940 885 851
940 974 885
974 919 885
974 1008 919
1008 953 919
953 864 919
953 898 864
898 809 864
898 843 809
898 932 843
932 877 843
877 788 843
877 822 788
877 911 822
911 856 822
911 945 856
945 890 856
890 801 856
890 835 801
890 924 835
924 869 835
869 780 835
869 814 780
869 903 814
903 848 814
903 937 848
937 882 848
882 793 848
882 827 793
882 916 827
916 861 827
916 950 861
950 895 861
895 806 861
895 840 806
895 929 840
929 874 840
874 785 840
874 819 785
819 730 785
819 764 730
819 853 764
853 798 764
853 887 798
887 832 798
887 921 832
921 866 832
866 777 832
866 811 777
866 900 811
900 845 811
900 934 845
934 879 845
879 790 845
879 824 790
879 913 824
913 858 824
913 947 858
947 892 858
892 803 858
892 837 803
892 926 837
926 871 837
871 782 837
871 816 782
871 905 816
905 850 816
905 939 850
939 884 850
884 795 850
884 829 795
884 918 829
918 863 829
918 952 863
952 897 863
952 986 897
986 931 897
986 1020 931
1020 965 931
965 876 931
965 910 876
910 821 876
910 855 821
910 944 855
944 889 855
944 978 889
978 923 889
978 1012 923
1012 957 923
957 868 923
957 902 868
957 991 902
991 936 902
991 1025 936
1025 970 936
970 881 936
970 915 881
970 1004 915
1004 949 915
1004 1038 949
1038 983 949
983 894 949
983 928 894
983 1017 928
1017 962 928
962 873 928
962 907 873
962 996 907
996 941 907
996 1030 941
1030 975 941
1030 1064 975
1064 1009 975
1064 1098 1009
1098 1043 1009
1043 954 1009
1043 988 954
988 899 954
988 933 899
988 1022 933
1022 967 933
967 878 933
967 912 878
967 1001 912
1001 946 912
1001 1035 946
1035 980 946
980 891 946
980 925 891
980 1014 925
1014 959 925
959 870 925
959 904 870
959 993 904
993 938 904
993 1027 938
1027 972 938
972 883 938
972 917 883
972 1006 917
1006 951 917
1006 1040 951
1040 985 951
1040 1074 985
1074 1019 985
1074 1108 1019
1108 1053 1019
1053 964 1019
1053 998 964
998 909 964
998 943 909
998 1032 943
1032 977 943
1032 1066 977
1066 1011 977
1066 1100 1011
1100 1045 1011
1045 956 1011
1045 990 956
1045 1079 990
1079 1024 990
1079 1113 1024
1113 1058 1024
1058 969 1024
1058 1003 969
1058 1092 1003
1092 1037 1003
1092 1126 1037
1126 1071 1037
1071 982 1037
1071 1016 982
1071 1105 1016
1105 1050 1016
1050 961 1016
1050 995 961
995 906 961
995 940 906
995 1029 940
1029 974 940
1029 1063 974
1063 1008 974
1063 1097 1008
1097 1042 1008
1042 953 1008
1042 987 953
987 898 953
987 932 898
987 1021 932
1021 966 932
966 877 932
966 911 877
966 1000 911
1000 945 911
1000 1034 945
1034 979 945
979 890 945
979 924 890
979 1013 924
1013 958 924
958 869 924
958 903 869
958 992 903
992 937 903
992 1026 937
1026 971 937
971 882 937
971 916 882
971 1005 916
1005 950 916
1005 1039 950
1039 984 950
984 895 950
984 929 895
984 1018 929
1018 963 929
963 874 929
963 908 874
908 819 874
908 853 819
908 942 853
942 887 853
942 976 887
976 921 887
976 1010 921
1010 955 921
955 866 921
955 900 866
955 989 900
989 934 900
989 1023 934
1023 968 934
968 879 934
968 913 879
968 1002 913
1002 947 913
1002 1036 947
1036 981 947
981 892 947
981 926 892
981 1015 926
1015 960 926
960 871 926
960 905 871
960 994 905
994 939 905
994 1028 939
1028 973 939
973 884 939
973 918 884
973 1007 918
1007 952 918
1007 1041 952
1041 986 952
1041 1075 986
1075 1020 986
1075 1109 1020
1109 1054 1020
1054 965 1020
1054 999 965
999 910 965
999 944 910
999 1033 944
1033 978 944
1033 1067 978
1067 1012 978
1067 1101 1012
1101 1046 1012
1046 957 1012
1046 991 957
1046 1080 991
1080 1025 991
1080 1114 1025
1114 1059 1025
1059 970 1025
1059 1004 970
1059 1093 1004
1093 1038 1004
1093 1127 1038
1127 1072 1038
1072 983 1038
1072 1017 983
1072 1106 1017
1106 1051 1017
1051 962 1017
1051 996 962
1051 1085 996
1085 1030 996
1085 1119 1030
1119 1064 1030
1119 1153 1064
1153 1098 1064
1153 1187 1098
1187 1132 1098
1132 1043 1098
1132 1077 1043
1077 988 1043
1077 1022 988
1077 1111 1022
1111 1056 1022
1056 967 1022
1056 1001 967
1056 1090 1001
1090 1035 1001
1090 1124 1035
1124 1069 1035
1069 980 1035
1069 1014 980
1069 1103 1014
1103 1048 1014
1048 959 1014
1048 993 959
1048 1082 993
1082 1027 993
1082 1116 1027
1116 1061 1027
1061 972 1027
1061 1006 972
1061 1095 1006
1095 1040 1006
1095 1129 1040
1129 1074 1040
1129 1163 1074
1163 1108 1074
1163 1197 1108
1197 1142 1108
1142 1053 1108
1142 1087 1053
1087 998 1053
1087 1032 998
1087 1121 1032
1121 1066 1032
1121 1155 1066
1155 1100 1066
1155 1189 1100
1189 1134 1100
1134 1045 1100
1134 1079 1045
1134 1168 1079
1168 1113 1079
1168 1202 1113
1202 1147 1113
1147 1058 1113
1147 1092 1058
1147 1181 1092
1181 1126 1092
1181 1215 1126
1215 1160 1126
1160 1071 1126
1160 1105 1071
1160 1194 1105
1194 1139 1105
1139 1050 1105
1139 1084 1050
1084 995 1050
1084 1029 995
1084 1118 1029
1118 1063 1029
1118 1152 1063
1152 1097 1063
1152 1186 1097
1186 1131 1097
1131 1042 1097
1131 1076 1042
1076 987 1042
1076 1021 987
1076 1110 1021
1110 1055 1021
1055 966 1021
1055 1000 966
1055 1089 1000
1089 1034 1000
1089 1123 1034
1123 1068 1034
1068 979 1034
1068 1013 979
1068 1102 1013
1102 1047 1013
1047 958 1013
1047 992 958
1047 1081 992
1081 1026 992
1081 1115 1026
1115 1060 1026
1060 971 1026
1060 1005 971
1060 1094 1005
1094 1039 1005
1094 1128 1039
1128 1073 1039
1073 984 1039
1073 1018 984
1073 1107 1018
1107 1052 1018
1052 963 1018
1052 997 963
997 908 963
997 942 908
997 1031 942
1031 976 942
1031 1065 976
1065 1010 976
1065 1099 1010
1099 1044 1010
1044 955 1010
1044 989 955
1044 1078 989
1078 1023 989
1078 1112 1023
1112 1057 1023
1057 968 1023
1057 1002 968
1057 1091 1002
1091 1036 1002
1091 1125 1036
1125 1070 1036
1070 981 1036
1070 1015 981
1070 1104 1015
1104 1049 1015
1049 960 1015
1049 994 960
1049 1083 994
1083 1028 994
1083 1117 1028
1117 1062 1028
1062 973 1028
1062 1007 973
1062 1096 1007
1096 1041 1007
1096 1130 1041
1130 1075 1041
1130 1164 1075
1164 1109 1075
1164 1198 1109
1198 1143 1109
1143 1054 1109
1143 1088 1054
1088 999 1054
1088 1033 999
1088 1122 1033
1122 1067 1033
1122 1156 1067
1156 1101 1067
1156 1190 1101
1190 1135 1101
1135 1046 1101
1135 1080 1046
1135 1169 1080
1169 1114 1080
1169 1203 1114
1203 1148 1114
1148 1059 1114
1148 1093 1059
1148 1182 1093
1182 1127 1093
1182 1216 1127
1216 1161 1127
1161 1072 1127
1161 1106 1072
1161 1195 1106
1195 1140 1106
1140 1051 1106
1140 1085 1051
1140 1174 1085
1174 1119 1085
1174 1208 1119
1208 1153 1119
1208 1242 1153
1242 1187 1153
1242 1276 1187
1276 1221 1187
1221 1132 1187
1221 1166 1132
1166 1077 1132
1166 1111 1077
1166 1200 1111
1200 1145 1111
1145 1056 1111
1145 1090 1056
1145 1179 1090
1179 1124 1090
1179 1213 1124
1213 1158 1124
1158 1069 1124
1158 1103 1069
1158 1192 1103
1192 1137 1103
1137 1048 1103
1137 1082 1048
1137 1171 1082
1171 1116 1082
1171 1205 1116
1205 1150 1116
1150 1061 1116
1150 1095 1061
1150 1184 1095
1184 1129 1095
1184 1218 1129
1218 1163 1129
1218 1252 1163
1252 1197 1163
1252 1286 1197
1286 1231 1197
1231 1142 1197
1231 1176 1142
1176 1087 1142
1176 1121 1087
1176 1210 1121
1210 1155 1121
1210 1244 1155
1244 1189 1155
1244 1278 1189
1278 1223 1189
1223 1134 1189
1223 1168 1134
1223 1257 1168
1257 1202 1168
1257 1291 1202
1291 1236 1202
1236 1147 1202
1236 1181 1147
1236 1270 1181
1270 1215 1181
1270 1304 1215
1304 1249 1215
1249 1160 1215
1249 1194 1160
1249 1283 1194
1283 1228 1194
1228 1139 1194
1228 1173 1139
1173 1084 1139
1173 1118 1084
1173 1207 1118
1207 1152 1118
1207 1241 1152
1241 1186 1152
1241 1275 1186
1275 1220 1186
1220 1131 1186
1220 1165 1131
1165 1076 1131
1165 1110 1076
1165 1199 1110
1199 1144 1110
1144 1055 1110
1144 1089 1055
1144 1178 1089
1178 1123 1089
1178 1212 1123
1212 1157 1123
1157 1068 1123
1157 1102 1068
1157 1191 1102
1191 1136 1102
1136 1047 1102
1136 1081 1047
1136 1170 1081
1170 1115 1081
1170 1204 1115
1204 1149 1115
1149 1060 1115
1149 1094 1060
1149 1183 1094
1183 1128 1094
1183 1217 1128
1217 1162 1128
1162 1073 1128
1162 1107 1073
1162 1196 1107
1196 1141 1107
1141 1052 1107
1141 1086 1052
1086 997 1052
1086 1031 997
1086 1120 1031
1120 1065 1031
1120 1154 1065
1154 1099 1065
1154 1188 1099
1188 1133 1099
1133 1044 1099
1133 1078 1044
1133 1167 1078
1167 1112 1078
1167 1201 1112
1201 1146 1112
1146 1057 1112
1146 1091 1057
1146 1180 1091
1180 1125 1091
1180 1214 1125
1214 1159 1125
1159 1070 1125
1159 1104 1070
1159 1193 1104
1193 1138 1104
1138 1049 1104
1138 1083 1049
1138 1172 1083
1172 1117 1083
1172 1206 1117
1206 1151 1117
1151 1062 1117
1151 1096 1062
1151 1185 1096
1185 1130 1096
1185 1219 1130
1219 1164 1130
1219 1253 1164
1253 1198 1164
1253 1287 1198
1287 1232 1198
1232 1143 1198
1232 1177 1143
1177 1088 1143
1177 1122 1088
1177 1211 1122
1211 1156 1122
1211 1245 1156
1245 1190 1156
1245 1279 1190
1279 1224 1190
1224 1135 1190
1224 1169 1135
1224 1258 1169
1258 1203 1169
1258 1292 1203
1292 1237 1203
1237 1148 1203
1237 1182 1148
1237 1271 1182
1271 1216 1182
1271 1305 1216
1305 1250 1216
1250 1161 1216
1250 1195 1161
1250 1284 1195
1284 1229 1195
1229 1140 1195
1229 1174 1140
1229 1263 1174
1263 1208 1174
1263 1297 1208
1297 1242 1208
1297 1331 1242
1331 1276 1242
1331 1365 1276
1365 1310 1276
1310 1221 1276
1310 1255 1221
1255 1166 1221
1255 1200 1166
1255 1289 1200
1289 1234 1200
1234 1145 1200
1234 1179 1145
1234 1268 1179
1268 1213 1179
1268 1302 1213
1302 1247 1213
1247 1158 1213
1247 1192 1158
1247 1281 1192
1281 1226 1192
1226 1137 1192
1226 1171 1137
1226 1260 1171
1260 1205 1171
1260 1294 1205
1294 1239 1205
1239 1150 1205
1239 1184 1150
1239 1273 1184
1273 1218 1184
1273 1307 1218
1307 1252 1218
1307 1341 1252
1341 1286 1252
1341 1375 1286
1375 1320 1286
1320 1231 1286
1320 1265 1231
1265 1176 1231
1265 1210 1176
1265 1299 1210
1299 1244 1210
1299 1333 1244
1333 1278 1244
1333 1367 1278
1367 1312 1278
1312 1223 1278
1312 1257 1223
1312 1346 1257
1346 1291 1257
1346 1380 1291
1380 1325 1291
1325 1236 1291
1325 1270 1236
1325 1359 1270
1359 1304 1270
1359 1393 1304
1393 1338 1304
1338 1249 1304
1338 1283 1249
1338 1372 1283
1372 1317 1283
1317 1228 1283
1317 1262 1228
1262 1173 1228
1262 1207 1173
1262 1296 1207
1296 1241 1207
1296 1330 1241
1330 1275 1241
1330 1364 1275
1364 1309 1275
1309 1220 1275
1309 1254 1220
1254 1165 1220
1254 1199 1165
1254 1288 1199
1288 1233 1199
1233 1144 1199
1233 1178 1144
1233 1267 1178
1267 1212 1178
1267 1301 1212
1301 1246 1212
1246 1157 1212
1246 1191 1157
1246 1280 1191
1280 1225 1191
1225 1136 1191
1225 1170 1136
1225 1259 1170
1259 1204 1170
1259 1293 1204
1293 1238 1204
1238 1149 1204
1238 1183 1149
1238 1272 1183
1272 1217 1183
1272 1306 1217
1306 1251 1217
1251 1162 1217
1251 1196 1162
1251 1285 1196
1285 1230 1196
1230 1141 1196
1230 1175 1141
1175 1086 1141
1175 1120 1086
1175 1209 1120
1209 1154 1120
1209 1243 1154
1243 1188 1154
1243 1277 1188
1277 1222 1188
1222 1133 1188
1222 1167 1133
1222 1256 1167
1256 1201 1167
1256 1290 1201
1290 1235 1201
1235 1146 1201
1235 1180 1146
1235 1269 1180
1269 1214 1180
1269 1303 1214
1303 1248 1214
1248 1159 1214
1248 1193 1159
1248 1282 1193
1282 1227 1193
1227 1138 1193
1227 1172 1138
1227 1261 1172
1261 1206 1172
1261 1295 1206
1295 1240 1206
1240 1151 1206
1240 1185 1151
1240 1274 1185
1274 1219 1185
1274 1308 1219
1308 1253 1219
1308 1342 1253
1342 1287 1253
1342 1376 1287
1376 1321 1287
1321 1232 1287
1321 1266 1232
1266 1177 1232
1266 1211 1177
1266 1300 1211
1300 1245 1211
1300 1334 1245
1334 1279 1245
1334 1368 1279
1368 1313 1279
1313 1224 1279
1313 1258 1224
1313 1347 1258
1347 1292 1258
1347 1381 1292
1381 1326 1292
1326 1237 1292
1326 1271 1237
1326 1360 1271
1360 1305 1271
1360 1394 1305
1394 1339 1305
1339 1250 1305
1339 1284 1250
1339 1373 1284
1373 1318 1284
1318 1229 1284
1318 1263 1229
1318 1352 1263
1352 1297 1263
1352 1386 1297
1386 1331 1297
1386 1420 1331
1420 1365 1331
1420 1454 1365
1454 1399 1365
1399 1310 1365
1399 1344 1310
1344 1255 1310
1344 1289 1255
1344 1378 1289
1378 1323 1289
1323 1234 1289
1323 1268 1234
1323 1357 1268
1357 1302 1268
1357 1391 1302
1391 1336 1302
1336 1247 1302
1336 1281 1247
1336 1370 1281
1370 1315 1281
1315 1226 1281
1315 1260 1226
1315 1349 1260
1349 1294 1260
1349 1383 1294
1383 1328 1294
1328 1239 1294
1328 1273 1239
1328 1362 1273
1362 1307 1273
1362 1396 1307
1396 1341 1307
1396 1430 1341
1430 1375 1341
1430 1464 1375
1464 1409 1375
1409 1320 1375
1409 1354 1320
1354 1265 1320
1354 1299 1265
1354 1388 1299
1388 1333 1299
1388 1422 1333
1422 1367 1333
1422 1456 1367
1456 1401 1367
1401 1312 1367
1401 1346 1312
1401 1435 1346
1435 1380 1346
1435 1469 1380
1469 1414 1380
1414 1325 1380
1414 1359 1325
1414 1448 1359
1448 1393 1359
1448 1482 1393
1482 1427 1393
1427 1338 1393
1427 1372 1338
1427 1461 1372
1461 1406 1372
1406 1317 1372
1406 1351 1317
1351 1262 1317
1351 1296 1262
1351 1385 1296
1385 1330 1296
1385 1419 1330
1419 1364 1330
1419 1453 1364
1453 1398 1364
1398 1309 1364
1398 1343 1309
1343 1254 1309
1343 1288 1254
1343 1377 1288
1377 1322 1288
1322 1233 1288
1322 1267 1233
1322 1356 1267
1356 1301 1267
1356 1390 1301
1390 1335 1301
1335 1246 1301
1335 1280 1246
1335 1369 1280
1369 1314 1280
1314 1225 1280
1314 1259 1225
1314 1348 1259
1348 1293 1259
1348 1382 1293
1382 1327 1293
1327 1238 1293
1327 1272 1238
1327 1361 1272
1361 1306 1272
1361 1395 1306
1395 1340 1306
1340 1251 1306
1340 1285 1251
1340 1374 1285
1374 1319 1285
1319 1230 1285
1319 1264 1230
1264 1175 1230
1264 1209 1175
1264 1298 1209
1298 1243 1209
1298 1332 1243
1332 1277 1243
1332 1366 1277
1366 1311 1277
1311 1222 1277
1311 1256 1222
1311 1345 1256
1345 1290 1256
1345 1379 1290
1379 1324 1290
1324 1235 1290
1324 1269 1235
1324 1358 1269
1358 1303 1269
1358 1392 1303
1392 1337 1303
1337 1248 1303
1337 1282 1248
1337 1371 1282
1371 1316 1282
1316 1227 1282
1316 1261 1227
1316 1350 1261
1350 1295 1261
1350 1384 1295
1384 1329 1295
1329 1240 1295
1329 1274 1240
1329 1363 1274
1363 1308 1274
1363 1397 1308
1397 1342 1308
1397 1431 1342
1431 1376 1342
1431 1465 1376
1465 1410 1376
1410 1321 1376
1410 1355 1321
1355 1266 1321
1355 1300 1266
1355 1389 1300
1389 1334 1300
1389 1423 1334
1423 1368 1334
1423 1457 1368
1457 1402 1368
1402 1313 1368
1402 1347 1313
1402 1436 1347
1436 1381 1347
1436 1470 1381
1470 1415 1381
1415 1326 1381
1415 1360 1326
1415 1449 1360
1449 1394 1360
1449 1483 1394
1483 1428 1394
1428 1339 1394
1428 1373 1339
1428 1462 1373
1462 1407 1373
1407 1318 1373
1407 1352 1318
1407 1441 1352
1441 1386 1352
1441 1475 1386
1475 1420 1386
1475 1509 1420
1509 1454 1420
1509 1543 1454
1543 1488 1454
1488 1399 1454
1488 1433 1399
1433 1344 1399
1433 1378 1344
1433 1467 1378
1467 1412 1378
1412 1323 1378
1412 1357 1323
1412 1446 1357
1446 1391 1357
1446 1480 1391
1480 1425 1391
1425 1336 1391
1425 1370 1336
1425 1459 1370
1459 1404 1370
1404 1315 1370
1404 1349 1315
1404 1438 1349
1438 1383 1349
1438 1472 1383
1472 1417 1383
1417 1328 1383
1417 1362 1328
1417 1451 1362
1451 1396 1362
1451 1485 1396
1485 1430 1396
1485 1519 1430
1519 1464 1430
1519 1553 1464
1553 1498 1464
1498 1409 1464
1498 1443 1409
1443 1354 1409
1443 1388 1354
1443 1477 1388
1477 1422 1388
1477 1511 1422
1511 1456 1422
1511 1545 1456
1545 1490 1456
1490 1401 1456
1490 1435 1401
1490 1524 1435
1524 1469 1435
1524 1558 1469
1558 1503 1469
1503 1414 1469
1503 1448 1414
1503 1537 1448
1537 1482 1448
1537 1571 1482
1571 1516 1482
1516 1427 1482
1516 1461 1427
1516 1550 1461
1550 1495 1461
1495 1406 1461
1495 1440 1406
1440 1351 1406
1440 1385 1351
1440 1474 1385
1474 1419 1385
1474 1508 1419
1508 1453 1419
1508 1542 1453
1542 1487 1453
1487 1398 1453
1487 1432 1398
1432 1343 1398
1432 1377 1343
1432 1466 1377
1466 1411 1377
1411 1322 1377
1411 1356 1322
1411 1445 1356
1445 1390 1356
1445 1479 1390
1479 1424 1390
1424 1335 1390
1424 1369 1335
1424 1458 1369
1458 1403 1369
1403 1314 1369
1403 1348 1314
1403 1437 1348
1437 1382 1348
1437 1471 1382
1471 1416 1382
1416 1327 1382
1416 1361 1327
1416 1450 1361
1450 1395 1361
1450 1484 1395
1484 1429 1395
1429 1340 1395
1429 1374 1340
1429 1463 1374
1463 1408 1374
1408 1319 1374
1408 1353 1319
1353 1264 1319
1353 1298 1264
1353 1387 1298
1387 1332 1298
1387 1421 1332
1421 1366 1332
1421 1455 1366
1455 1400 1366
1400 1311 1366
1400 1345 1311
1400 1434 1345
1434 1379 1345
1434 1468 1379
1468 1413 1379
1413 1324 1379
1413 1358 1324
1413 1447 1358
1447 1392 1358
1447 1481 1392
1481 1426 1392
1426 1337 1392
1426 1371 1337
1426 1460 1371
1460 1405 1371
1405 1316 1371
1405 1350 1316
1405 1439 1350
1439 1384 1350
1439 1473 1384
1473 1418 1384
1418 1329 1384
1418 1363 1329
1418 1452 1363
1452 1397 1363
1452 1486 1397
1486 1431 1397
1486 1520 1431
1520 1465 1431
1520 1554 1465
1554 1499 1465
1499 1410 1465
1499 1444 1410
1444 1355 1410
1444 1389 1355
1444 1478 1389
1478 1423 1389
1478 1512 1423
1512 1457 1423
1512 1546 1457
1546 1491 1457
1491 1402 1457
1491 1436 1402
1491 1525 1436
1525 1470 1436
1525 1559 1470
1559 1504 1470
1504 1415 1470
1504 1449 1415
1504 1538 1449
1538 1483 1449
1538 1572 1483
1572 1517 1483
1517 1428 1483
1517 1462 1428
1517 1551 1462
1551 1496 1462
1496 1407 1462
1496 1441 1407
1496 1530 1441
1530 1475 1441
1530 1564 1475
1564 1509 1475
1564 1598 1509
1598 1543 1509
1598 1577 1543
1577 1488 1543
1577 1522 1488
1522 1433 1488
1522 1467 1433
1522 1556 1467
1556 1501 1467
1501 1412 1467
1501 1446 1412
1501 1535 1446
1535 1480 1446
1535 1569 1480
1569 1514 1480
1514 1425 1480
1514 1459 1425
1514 1548 1459
1548 1493 1459
1493 1404 1459
1493 1438 1404
1493 1527 1438
1527 1472 1438
1527 1561 1472
1561 1506 1472
1506 1417 1472
1506 1451 1417
1506 1540 1451
1540 1485 1451
1540 1574 1485
1574 1519 1485
1574 1608 1519
1608 1553 1519
1608 1587 1553
1587 1498 1553
1587 1532 1498
1532 1443 1498
1532 1477 1443
1532 1566 1477
1566 1511 1477
1566 1600 1511
1600 1545 1511
1600 1579 1545
1579 1490 1545
1579 1524 1490
1579 1613 1524
1613 1558 1524
1613 1592 1558
1592 1503 1558
1592 1537 1503
1592 1571 1537
1592 1626 1571
1626 1605 1571
1605 1516 1571
1605 1550 1516
1605 1584 1550
1584 1495 1550
1584 1529 1495
1529 1440 1495
1529 1474 1440
1529 1563 1474
1563 1508 1474
1563 1597 1508
1597 1542 1508
1597 1576 1542
1576 1487 1542
1576 1521 1487
1521 1432 1487
1521 1466 1432
1521 1555 1466
1555 1500 1466
1500 1411 1466
1500 1445 1411
1500 1534 1445
1534 1479 1445
1534 1568 1479
1568 1513 1479
1513 1424 1479
1513 1458 1424
1513 1547 1458
1547 1492 1458
1492 1403 1458
1492 1437 1403
1492 1526 1437
1526 1471 1437
1526 1560 1471
1560 1505 1471
1505 1416 1471
1505 1450 1416
1505 1539 1450
1539 1484 1450
1539 1573 1484
1573 1518 1484
1518 1429 1484
1518 1463 1429
1518 1552 1463
1552 1497 1463
1497 1408 1463
1497 1442 1408
1442 1353 1408
1442 1387 1353
1442 1476 1387
1476 1421 1387
1476 1510 1421
1510 1455 1421
1510 1544 1455
1544 1489 1455
1489 1400 1455
1489 1434 1400
1489 1523 1434
1523 1468 1434
1523 1557 1468
1557 1502 1468
1502 1413 1468
1502 1447 1413
1502 1536 1447
1536 1481 1447
1536 1570 1481
1570 1515 1481
1515 1426 1481
1515 1460 1426
1515 1549 1460
1549 1494 1460
1494 1405 1460
1494 1439 1405
1494 1528 1439
1528 1473 1439
1528 1562 1473
1562 1507 1473
1507 1418 1473
1507 1452 1418
1507 1541 1452
1541 1486 1452
1541 1575 1486
1575 1520 1486
1575 1609 1520
1609 1554 1520
1609 1588 1554
1588 1499 1554
1588 1533 1499
1533 1444 1499
1533 1478 1444
1533 1567 1478
1567 1512 1478
1567 1601 1512
1601 1546 1512
1601 1580 1546
1580 1491 1546
1580 1525 1491
1580 1614 1525
1614 1559 1525
1614 1593 1559
1593 1504 1559
1593 1538 1504
1593 1572 1538
1593 1627 1572
1627 1606 1572
1606 1517 1572
1606 1551 1517
1606 1585 1551
1585 1496 1551
1585 1530 1496
1585 1619 1530
1619 1564 1530
1619 1598 1564
1619 1653 1598
1653 1632 1598
1632 1577 1598
1632 1611 1577
1611 1522 1577
1611 1556 1522
1611 1590 1556
1590 1501 1556
1590 1535 1501
1590 1569 1535
1590 1624 1569
1624 1603 1569
1603 1514 1569
1603 1548 1514
1603 1582 1548
1582 1493 1548
1582 1527 1493
1582 1616 1527
1616 1561 1527
1616 1595 1561
1595 1506 1561
1595 1540 1506
1595 1574 1540
1595 1629 1574
1629 1608 1574
1629 1663 1608
1663 1642 1608
1642 1587 1608
1642 1621 1587
1621 1566 1587
1566 1532 1587
1621 1600 1566
1621 1655 1600
1655 1634 1600
1634 1579 1600
1634 1613 1579
1634 1668 1613
1668 1647 1613
1647 1592 1613
1647 1626 1592
1647 1681 1626
1681 1660 1626
1660 1605 1626
1660 1639 1605
1639 1584 1605
1639 1618 1584
1618 1529 1584
1618 1563 1529
1618 1597 1563
1618 1652 1597
1652 1631 1597
1631 1576 1597
1631 1610 1576
1610 1521 1576
1610 1555 1521
1610 1589 1555
1589 1500 1555
1589 1534 1500
1589 1568 1534
1589 1623 1568
1623 1602 1568
1602 1513 1568
1602 1547 1513
1602 1581 1547
1581 1492 1547
1581 1526 1492
1581 1615 1526
1615 1560 1526
1615 1594 1560
1594 1505 1560
1594 1539 1505
1594 1573 1539
1594 1628 1573
1628 1607 1573
1607 1518 1573
1607 1552 1518
1607 1586 1552
1586 1497 1552
1586 1531 1497
1531 1442 1497
1531 1476 1442
1531 1565 1476
1565 1510 1476
1565 1599 1510
1599 1544 1510
1599 1578 1544
1578 1489 1544
1578 1523 1489
1578 1612 1523
1612 1557 1523
1612 1591 1557
1591 1502 1557
1591 1536 1502
1591 1570 1536
1591 1625 1570
1625 1604 1570
1604 1515 1570
1604 1549 1515
1604 1583 1549
1583 1494 1549
1583 1528 1494
1583 1617 1528
1617 1562 1528
1617 1596 1562
1596 1507 1562
1596 1541 1507
1596 1575 1541
1596 1630 1575
1630 1609 1575
1630 1664 1609
1664 1643 1609
1643 1588 1609
1643 1622 1588
1622 1567 1588
1567 1533 1588
1622 1601 1567
1622 1656 1601
1656 1635 1601
1635 1580 1601
1635 1614 1580
1635 1669 1614
1669 1648 1614
1648 1593 1614
1648 1627 1593
1648 1682 1627
1682 1661 1627
1661 1606 1627
1661 1640 1606
1640 1585 1606
1640 1619 1585
1640 1674 1619
1674 1653 1619
1674 1708 1653
1708 1687 1653
1687 1632 1653
1687 1666 1632
1666 1611 1632
1666 1645 1611
1645 1590 1611
1645 1624 1590
1645 1679 1624
1679 1658 1624
1658 1603 1624
1658 1637 1603
1637 1582 1603
1637 1616 1582
1637 1671 1616
1671 1650 1616
1650 1595 1616
1650 1629 1595
1650 1684 1629
1684 1663 1629
1684 1718 1663
1718 1697 1663
1697 1642 1663
1697 1676 1642
1676 1621 1642
1676 1655 1621
1676 1710 1655
1710 1689 1655
1689 1634 1655
1689 1668 1634
1689 1723 1668
1723 1702 1668
1702 1647 1668
1702 1681 1647
1702 1736 1681
1736 1715 1681
1715 1660 1681
1715 1694 1660
1694 1639 1660
1694 1673 1639
1673 1618 1639
1673 1652 1618
1673 1707 1652
1707 1686 1652
1686 1631 1652
1686 1665 1631
1665 1610 1631
1665 1644 1610
1644 1589 1610
1644 1623 1589
1644 1678 1623
1678 1657 1623
1657 1602 1623
1657 1636 1602
1636 1581 1602
1636 1615 1581
1636 1670 1615
1670 1649 1615
1649 1594 1615
1649 1628 1594
1649 1683 1628
1683 1662 1628
1662 1607 1628
1662 1641 1607
1641 1586 1607
1641 1620 1586
1620 1531 1586
1620 1565 1531
1620 1599 1565
1620 1654 1599
1654 1633 1599
1633 1578 1599
1633 1612 1578
1633 1667 1612
1667 1646 1612
1646 1591 1612
1646 1625 1591
1646 1680 1625
1680 1659 1625
1659 1604 1625
1659 1638 1604
1638 1583 1604
1638 1617 1583
1638 1672 1617
1672 1651 1617
1651 1596 1617
1651 1630 1596
1651 1685 1630
1685 1664 1630
1685 1719 1664
1719 1698 1664
1698 1643 1664
1698 1677 1643
1677 1622 1643
1677 1656 1622
1677 1711 1656
1711 1690 1656
1690 1635 1656
1690 1669 1635
1690 1724 1669
1724 1703 1669
1703 1648 1669
1703 1682 1648
1703 1737 1682
1737 1716 1682
1716 1661 1682
1716 1695 1661
1695 1640 1661
1695 1674 1640
1695 1729 1674
1729 1708 1674
1729 1763 1708
1763 1742 1708
1742 1687 1708
1742 1721 1687
1721 1666 1687
1721 1700 1666
1700 1645 1666
1700 1679 1645
1700 1734 1679
1734 1713 1679
1713 1658 1679
1713 1692 1658
1692 1637 1658
1692 1671 1637
1692 1726 1671
1726 1705 1671
1705 1650 1671
1705 1684 1650
1705 1739 1684
1739 1718 1684
1739 1773 1718
1773 1752 1718
1752 1697 1718
1752 1731 1697
1731 1676 1697
1731 1710 1676
1731 1765 1710
1765 1744 1710
1744 1689 1710
1744 1723 1689
1744 1778 1723
1778 1757 1723
1757 1702 1723
1757 1736 1702
1757 1791 1736
1791 1770 1736
1770 1715 1736
1770 1749 1715
1749 1694 1715
1749 1728 1694
1728 1673 1694
1728 1707 1673
1728 1762 1707
1762 1741 1707
1741 1686 1707
1741 1720 1686
1720 1665 1686
1720 1699 1665
1699 1644 1665
1699 1678 1644
1699 1733 1678
1733 1712 1678
1712 1657 1678
1712 1691 1657
1691 1636 1657
1691 1670 1636
1691 1725 1670
1725 1704 1670
1704 1649 1670
1704 1683 1649
1704 1738 1683
1738 1717 1683
1717 1662 1683
1717 1696 1662
1696 1641 1662
1696 1675 1641
1675 1620 1641
1675 1654 1620
1675 1709 1654
1709 1688 1654
1688 1633 1654
1688 1667 1633
1688 1722 1667
1722 1701 1667
1701 1646 1667
1701 1680 1646
1701 1735 1680
1735 1714 1680
1714 1659 1680
1714 1693 1659
1693 1638 1659
1693 1672 1638
1693 1727 1672
1727 1706 1672
1706 1651 1672
1706 1685 1651
1706 1740 1685
1740 1719 1685
1740 1774 1719
1774 1753 1719
1753 1698 1719
1753 1732 1698
1732 1677 1698
1732 1711 1677
1732 1766 1711
1766 1745 1711
1745 1690 1711
1745 1724 1690
1745 1779 1724
1779 1758 1724
1758 1703 1724
1758 1737 1703
1758 1792 1737
1792 1771 1737
1771 1716 1737
1771 1750 1716
1750 1695 1716
1750 1729 1695
1750 1784 1729
1784 1763 1729
1784 1818 1763
1818 1797 1763
1797 1742 1763
1797 1776 1742
1776 1721 1742
1776 1755 1721
1755 1700 1721
1755 1734 1700
1755 1789 1734
1789 1768 1734
1768 1713 1734
1768 1747 1713
1747 1692 1713
1747 1726 1692
1747 1781 1726
1781 1760 1726
1760 1705 1726
1760 1739 1705
1760 1794 1739
1794 1773 1739
1794 1828 1773
1828 1807 1773
1807 1752 1773
1807 1786 1752
1786 1731 1752
1786 1765 1731
1786 1820 1765
1820 1799 1765
1799 1744 1765
1799 1778 1744
1799 1833 1778
1833 1812 1778
1812 1757 1778
1812 1791 1757
1812 1846 1791
1846 1825 1791
1825 1770 1791
1825 1804 1770
1804 1749 1770
1804 1783 1749
1783 1728 1749
1783 1762 1728
1783 1817 1762
1817 1796 1762
1796 1741 1762
1796 1775 1741
1775 1720 1741
1775 1754 1720
1754 1699 1720
1754 1733 1699
1754 1788 1733
1788 1767 1733
1767 1712 1733
1767 1746 1712
1746 1691 1712
1746 1725 1691
1746 1780 1725
1780 1759 1725
1759 1704 1725
1759 1738 1704
1759 1793 1738
1793 1772 1738
1772 1717 1738
1772 1751 1717
1751 1696 1717
1751 1730 1696
1730 1675 1696
1730 1709 1675
1730 1764 1709
1764 1743 1709
1743 1688 1709
1743 1722 1688
1743 1777 1722
1777 1756 1722
1756 1701 1722
1756 1735 1701
1756 1790 1735
1790 1769 1735
1769 1714 1735
1769 1748 1714
1748 1693 1714
1748 1727 1693
1748 1782 1727
1782 1761 1727
1761 1706 1727
1761 1740 1706
1761 1795 1740
1795 1774 1740
1795 1829 1774
1829 1808 1774
1808 1753 1774
1808 1787 1753
1787 1732 1753
1787 1766 1732
1787 1821 1766
1821 1800 1766
1800 1745 1766
1800 1779 1745
1800 1834 1779
1834 1813 1779
1813 1758 1779
1813 1792 1758
1813 1847 1792
1847 1826 1792
1826 1771 1792
1826 1805 1771
1805 1750 1771
1805 1784 1750
1805 1839 1784
1839 1818 1784
1839 1873 1818
1873 1852 1818
1852 1797 1818
1852 1831 1797
1831 1776 1797
1831 1810 1776
1810 1755 1776
1810 1789 1755
1810 1844 1789
1844 1823 1789
1823 1768 1789
1823 1802 1768
1802 1747 1768
1802 1781 1747
1802 1836 1781
1836 1815 1781
1815 1760 1781
1815 1794 1760
1815 1849 1794
1849 1828 1794
1849 1883 1828
1883 1862 1828
1862 1807 1828
1862 1841 1807
1841 1786 1807
1841 1820 1786
1841 1875 1820
1875 1854 1820
1854 1799 1820
1854 1833 1799
1854 1888 1833
1888 1867 1833
1867 1812 1833
1867 1846 1812
1867 1880 1846
1880 1825 1846
1880 1859 1825
1859 1804 1825
1859 1838 1804
1838 1783 1804
1838 1817 1783
1838 1872 1817
1872 1851 1817
1851 1796 1817
1851 1830 1796
1830 1775 1796
1830 1809 1775
1809 1754 1775
1809 1788 1754
1809 1843 1788
1843 1822 1788
1822 1767 1788
1822 1801 1767
1801 1746 1767
1801 1780 1746
1801 1835 1780
1835 1814 1780
1814 1759 1780
1814 1793 1759
1814 1848 1793
1848 1827 1793
1827 1772 1793
1827 1806 1772
1806 1751 1772
1806 1785 1751
1785 1730 1751
1785 1764 1730
1785 1819 1764
1819 1798 1764
1798 1743 1764
1798 1777 1743
1798 1832 1777
1832 1811 1777
1811 1756 1777
1811 1790 1756
1811 1845 1790
1845 1824 1790
1824 1769 1790
1824 1803 1769
1803 1748 1769
1803 1782 1748
1803 1837 1782
1837 1816 1782
1816 1761 1782
1816 1795 1761
1816 1850 1795
1850 1829 1795
1850 1884 1829
1884 1863 1829
1863 1808 1829
1863 1842 1808
1842 1787 1808
1842 1821 1787
1842 1876 1821
1876 1855 1821
1855 1800 1821
1855 1834 1800
1855 1889 1834
1889 1868 1834
1868 1813 1834
1868 1847 1813
1868 1881 1847
1881 1826 1847
1881 1860 1826
1860 1805 1826
1860 1839 1805
1860 1873 1839
1860 1894 1873
1894 1907 1873
1907 1886 1873
1886 1852 1873
1886 1831 1852
1886 1865 1831
1865 1810 1831
1865 1844 1810
1865 1878 1844
1878 1823 1844
1878 1857 1823
1857 1802 1823
1857 1836 1802
1857 1870 1836
1870 1815 1836
1870 1849 1815
1870 1883 1849
1870 1904 1883
1904 1917 1883
1917 1896 1883
1896 1862 1883
1896 1875 1862
1875 1841 1862
1896 1909 1875
1909 1888 1875
1888 1854 1875
1909 1922 1888
1922 1901 1888
1901 1867 1888
1901 1880 1867
1901 1914 1880
1914 1893 1880
1893 1859 1880
1893 1872 1859
1872 1838 1859
1893 1906 1872
1906 1885 1872
1885 1851 1872
1885 1830 1851
1885 1864 1830
1864 1809 1830
1864 1843 1809
1864 1877 1843
1877 1822 1843
1877 1856 1822
1856 1801 1822
1856 1835 1801
1856 1869 1835
1869 1814 1835
1869 1848 1814
1869 1882 1848
1882 1827 1848
1882 1861 1827
1861 1806 1827
1861 1840 1806
1840 1785 1806
1840 1819 1785
1840 1874 1819
1874 1853 1819
1853 1798 1819
1853 1832 1798
1853 1887 1832
1887 1866 1832
1866 1811 1832
1866 1845 1811
1866 1879 1845
1879 1824 1845
1879 1858 1824
1858 1803 1824
1858 1837 1803
1858 1871 1837
1871 1816 1837
1871 1850 1816
1871 1884 1850
1871 1905 1884
1905 1918 1884
1918 1897 1884
1897 1863 1884
1897 1876 1863
1876 1842 1863
1897 1910 1876
1910 1889 1876
1889 1855 1876
1910 1923 1889
1923 1902 1889
1902 1868 1889
1902 1881 1868
1902 1915 1881
1915 1894 1881
1894 1860 1881
1915 1928 1894
1928 1907 1894
1928 1941 1907
1941 1920 1907
1920 1886 1907
1920 1899 1886
1899 1865 1886
1899 1878 1865
1899 1912 1878
1912 1891 1878
1891 1857 1878
1891 1870 1857
1891 1904 1870
1891 1925 1904
1925 1938 1904
1938 1917 1904
1938 1951 1917
1951 1930 1917
1930 1896 1917
1930 1909 1896
1930 1943 1909
1943 1922 1909
1943 1956 1922
1956 1935 1922
1935 1901 1922
1935 1914 1901
1935 1948 1914
1948 1927 1914
1927 1893 1914
1927 1906 1893
1927 1940 1906
1940 1919 1906
1919 1885 1906
1919 1898 1885
1898 1864 1885
1898 1877 1864
1898 1911 1877
1911 1890 1877
1890 1856 1877
1890 1869 1856
1890 1903 1869
1903 1882 1869
1903 1916 1882
1916 1895 1882
1895 1861 1882
1895 1874 1861
1874 1840 1861
1895 1908 1874
1908 1887 1874
1887 1853 1874
1908 1921 1887
1921 1900 1887
1900 1866 1887
1900 1879 1866
1900 1913 1879
1913 1892 1879
1892 1858 1879
1892 1871 1858
1892 1905 1871
1892 1926 1905
1926 1939 1905
1939 1918 1905
1939 1952 1918
1952 1931 1918
1931 1897 1918
1931 1910 1897
1931 1944 1910
1944 1923 1910
1944 1957 1923
1957 1936 1923
1936 1902 1923
1936 1915 1902
1936 1949 1915
1949 1928 1915
1949 1962 1928
1962 1941 1928
1962 1954 1941
1954 1920 1941
1954 1933 1920
1933 1899 1920
1933 1912 1899
1933 1946 1912
1946 1925 1912
1925 1891 1912
1946 1959 1925
1959 1938 1925
1959 1951 1938
1959 1972 1951
1972 1964 1951
1964 1930 1951
1964 1943 1930
1964 1956 1943
1964 1977 1956
1977 1969 1956
1969 1948 1956
1948 1935 1956
1969 1961 1948
1961 1927 1948
1961 1940 1927
1961 1953 1940
1953 1919 1940
1953 1932 1919
1932 1898 1919
1932 1911 1898
1932 1945 1911
1945 1924 1911
1924 1890 1911
1924 1903 1890
1924 1937 1903
1937 1916 1903
1937 1950 1916
1950 1929 1916
1929 1895 1916
1929 1908 1895
1929 1942 1908
1942 1921 1908
1942 1955 1921
1955 1934 1921
1934 1900 1921
1934 1913 1900
1934 1947 1913
1947 1926 1913
1926 1892 1913
1947 1960 1926
1960 1939 1926
1960 1952 1939
1960 1973 1952
1973 1965 1952
1965 1931 1952
1965 1944 1931
1965 1957 1944
1965 1978 1957
1978 1970 1957
1970 1949 1957
1949 1936 1957
1970 1962 1949
1970 1983 1962
1983 1975 1962
1975 1954 1962
1975 1967 1954
1967 1946 1954
1946 1933 1954
1967 1959 1946
1967 1980 1959
1980 1972 1959
1980 1985 1972
1985 1964 1972
1985 1977 1964
1985 1990 1977
1990 1982 1977
1982 1969 1977
1982 1961 1969
1982 1974 1961
1974 1953 1961
1974 1966 1953
1966 1945 1953
1945 1932 1953
1966 1958 1945
1958 1924 1945
1958 1937 1924
1958 1950 1937
1958 1971 1950
1971 1963 1950
1963 1929 1950
1963 1942 1929
1963 1955 1942
1963 1976 1955
1976 1968 1955
1968 1947 1955
1947 1934 1955
1968 1960 1947
1968 1981 1960
1981 1973 1960
1981 1986 1973
1986 1965 1973
1986 1978 1965
1986 1991 1978
1991 1983 1978
1983 1970 1978
1991 1996 1983
1996 1988 1983
1988 1975 1983
1988 1967 1975
1988 1980 1967
1988 1993 1980
1993 1985 1980
1993 1990 1985
1993 1998 1990
1998 1995 1990
1995 1982 1990
1995 1987 1982
1987 1974 1982
1987 1966 1974
1987 1979 1966
1979 1958 1966
1979 1971 1958
1979 1984 1971
1984 1963 1971
1984 1976 1963
1984 1989 1976
1989 1968 1976
1989 1981 1968
1989 1994 1981
1994 1986 1981
1994 1991 1986
1994 1996 1991
1994 1999 1996
1999 1998 1996
1998 1993 1996
1993 1988 1996
1999 1995 1998
1999 1997 1995
1997 1992 1995
1992 1987 1995
1992 1979 1987
1992 1984 1979
1992 1997 1984
1997 1989 1984
1997 1994 1989
1997 1999 1994
